Case #1: 
8046256
8276990
8393636
8044506
8073427
8203363
8316122
8207806
8089298
8172577
8348433
8360828
8172021
8125314
8219838
8290240
8392439
8407481
8320719
8137525
Case #2: 
52042
53473
57369
48929
59438
49088
53740
54781
54126
55691
Case #3: 
37572
37314
38003
37406
42907
39437
34977
36892
32926
38885
33937
35337
38918
43661
40516
42186
33635
39399
40150
37361
Case #4: 
-358304936
-329450947
-340681336
-337715717
-365629357
-364901038
-334970265
-358057830
-372668583
-349366566
-373958791
-355874284
-342257652
-344243378
-359269787
-334922998
-337297224
-364115165
-372562116
-361707945
Case #5: 
27318682
27306791
27813701
27911212
27527544
27497120
27404144
27331672
27694885
27111950
27359071
27499447
27258090
27780864
27164101
27703094
27205765
27788254
27781139
27788344
Case #6: 
2114823805
2101983605
2107134271
2119696897
2130060658
2107796053
2132895036
2121748721
2132428456
2117357578
2111116603
2101674000
2093580165
2094916272
2129940979
2133088900
2102342055
2123648374
2097391543
2130775929
Case #7: 
-1451675358
-1433545624
-1431980977
-1449295615
-1430671226
-1447126577
-1444402602
-1460823134
-1451973061
-1433217974
-1442106169
-1457617235
-1449096641
-1435222222
-1438921478
-1441340519
-1438793858
-1437906395
-1463505217
-1465378733
Case #8: 
1942661165
1921529551
1952775804
1922662442
1934162654
1921748882
1924414945
1952243264
1920335147
1934381789
1943440379
1952651278
1942462943
1921772465
1940588490
1922953560
1936364179
1948732810
1949318835
1951183004
Case #9: 
-346623560
-362000945
-352910754
-327735588
-338836726
-321641659
-326012508
-355104145
-361596918
-325143993
-348936219
-351756560
-353688921
-351825681
-336281051
-348767803
-330248067
-340507647
-351101952
-362902089
Case #10: 
-1118661842
-1110264028
-1129755129
-1130258244
-1132190703
-1137129879
-1124681335
-1139021943
-1130844036
-1125791318
-1105521109
-1117546257
-1140431824
-1120453899
-1125098104
-1147387029
-1109015897
-1117131584
-1139608909
-1148890709